72905548
2299649
49104331
6681978
75623504
88864622
70672516
63529859
71119455
9577069
65726703
40508598
73561099
63106313
6246107
29893264
70681456
89948530
49420238
49781345
44256704
81390321
74797432
80951972
583513
12521050
49619420
7549639
60964556
42644099
41299989
18240929
82651006
62568956
24554306
61044402
57048374
65088514
66564428
80157028
55094569
60490373
63172576
43329682
30717703
37793984
63237292
9204841
10191443
5276190
65379460
66521936
49376274
61646195
39941885
29456952
26029310
34494927
3881382
24223850
21538722
39784491
31207698
77514655
51295046
85302300
2208127
68366241
46937126
1429688
67911498
57677380
59544465
31506021
81907630
16097398
23054459
19212277
28712556
5581712
8582211
50763120
48089525
60152768
40030542
18893467
25185092
49855988
70306721
36749703
82905969
43277975
65598209
49574314
83232648
75218255
51348843
23541357
50057786
32348251
83089051
35271820
18995042
41837265
1057539
44688315
2090944
79878771
83350950
70340580
9907979
84328503
60313292
47467035
68355866
9988847
35179498
40937093
63602909
66027864
73817988
87688804
85615765
7643834
79028023
42935519
71139831
28591459
64583127
20105915
36985979
44402420
76138513
75292010
89003629
44330018
24396926
86791488
50572686
6259871
14454140
61366889
7717307
80242576
39816211
79575930
71744952
34240791
87042019
22307597
13647704
35057732
52309664
10739804
10091618
75042427
58054075
507396
5299929
29039727
33118104
22926134
73215405
76126964
21459817
9254580
31507107
18352773
7205546
80892999
32041795
27312004
65409808
77151717
39948020
4612473
78376538
53187173
61456302
48498144
40685047
40633560
75400371
63201396
45329506
87101387
55443620
12723989
70286183
70252729
77884240
28576201
57143040
23602979
77742499
28079633
32561578
23528843
1822326
28923115
82933275
77321322
1987537
58226960
67918167
66444711
55028847
60037239
29981875
61081011
51835881
79168130
54575305
39444844
42963794
28267367
84423422
78448886
4261758
82494354
41949154
72552091
34689242
81161428
11081147
32617556
21477434
26383766
37606870
11028344
19922492
8420742
36585371
43025779
39367769
66400643
81069664
52441055
65454113
69661624
51888636
84293464
8264456
34508050
13234985
13339181
1222833
59286183
22471177
65981684
32135934
32711467
81441580
45494354
87665199
38839240
21731413
79878014
38327509
16332356
79908090
46617137
24088470
52260752
34127484
6891078
80568151
8888642
55450800
87564043
31012378
14410256
26249108
71433117
1824144
69806725
48431271
36037441
48346713
35316053
2810531
72560902
12414975
29965455
84599333
41188476
60989745
73114921
32263651
49032609
75095120
49544759
29952027
82853933
64756434
62409950
41440565
89430697
41245281
62092028
44335532
17737918
36280351
47763766
48427054
86306385
66379447
36871850
78261768
1137814
83732483
61213117
8091540
36110313
52796102
20667587
53876741
14485106
12836459
58883162
19117461
24531403
73010473
54949975
35994843
27361048
88768605
65102848
47692204
34088559
29337633
29097641
60718648
1840156
26914438
77560717
64842703
72045949
89018765
61808943
9749933
87826250
47191063
8108562
39776154
43808733
36327170
68944260
39215933
39623759
87468769
12060487
89104712
44633477
6804152
75703273
11046190
75856212
56073758
10918922
65787071
62856622
26387747
83190390
75529919
75162103
70737037
47666674
12026127
9584677
17097566
16106616
51770601
9445288
53202442
30778652
87081855
16216250
13250085
12549644
11446844
5572283
12215214
8052127
58357603
79542750
10114024
89100999
20865845
83857659
69219866
86849659
65123944
83545622
2948826
77399509
35710940
19176099
46794209
77425630
53388454
700134
4076435
8435079
58930845
13614993
51850420
41893890
73838819
29038855
62446923
26307302
74787451
45091419
60747145
78650814
78395341
70548548
49956403
87085140
50250885
7174797
37196293
70987959
31259634
68447170
85056308
65799267
35201505
51613481
12811937
60416730
26231850
40817680
13410785
55155846
14540391
70662110
55638043
53069618
70346757
85511099
54067823
78032453
86976387
74330199
38997504
13996012
33287753
29182974
65192784
46001925
59608887
78123658
3973611
62968358
55705561
56367184
87483272
88536681
59700133
46627580
695752
10902011
41853206
1201761
2631172
78997200
63912839
71322936
10126008
66766003
47553431
8790521
16585275
62532793
25129352
82422308
81787488
14211739
81524352
39617064
55961304
42170299
58650265
4923837
54474325
31362531
28661898
48270986
41267863
55453986
30906736
67220085
36189507
80605132
78036512
82383149
49761317
10927695
82438682
48672982
53157393
54307515
34000600
19538368
19189173
59541956
34991999
17737330
80729961
7911366
832394
58452341
36631259
41384419
23984666
88662056
29499620
5085448
74565712
17962377
87208673
17046319
47951240
80533609
25653922
17621853
48293244
62258029
14029295
4519156
73946082
20493495
31894252
42109446
43463596
83799035
86538902
87001875
74475127
23822241
39717899
41193021
12176649
20328442
57322087
4256230
80315628
35750567
76099088
57192074
77109564
60322238
89188925
65559847
12809667
23717755
12643808
39940523
35105165
11514834
81549510
5860659
66157757
10609975
8278724
78367080
9056963
15722702
89421960
16125923
60007542
56717502
76206631
54605955
50379948
77625643
24660551
4852653
59038933
42887455
50460520
28812625
47581736
34468812
6973600
68446139
47555093
53584064
89873043
33094727
20714766
54820530
74777405
86064341
18055368
39259351
5102203
36106580
32487207
5797878
37300123
23024132
9312994
85412055
2649663
79800649
32732252
48925975
36733183
79780523
62809563
607472
3251561
47778012
48907520
81240955
56638588
45063115
84245497
10400783
31567100
32115943
88575311
88132418
63495487
5360984
19601359
79331900
85063351
58113111
52226268
25176201
67826276
53670369
5820601
37395860
62212766
10461799
55283229
21472756
25105033
70138448
75944137
86570466
10233451
25845025
52252236
68069989
60048704
52371309
68411339
387196
57162862
84682322
81863322
79775335
13706316
56562413
68619176
54978604
16055572
41029760
35874699
84065269
66525782
64174816
69365599
7523840
26906377
78212193
47626189
64855105
22008554
72559800
37776068
10386371
77212371
45164739
50005553
4310529
65457298
81432781
73473112
32273022
37827021
67924611
87836660
44723205
80241776
77718847
54174581
43847297
26803221
43235129
30751953
74439293
82610746
35199138
10553520
8180591
71490246
86788511
53564833
40246037
22707096
49717639
63713215
38705405
14093080
27756864
7982696
34114290
15145834
80823061
38874414
42519425
13511556
13613943
85413371
8555315
55371500
66175670
64938141
58944357
25356493
35830353
30994638
86570694
7427173
85822870
70557641
79763238
54587225
42190079
75392352
17345979
43436998
10946245
39211688
30019771
76555478
37699272
84747826
21029975
23023465
71829873
9520575
41251349
72263750
86156802
48347229
60086330
1419170
78233581
80755199
24933482
75509782
81831513
19286787
30869132
34468037
8328146
37740445
32131604
53106979
15300413
26977891
39460314
38055091
14547281
46470578
25786010
88634902
45777275
4097433
17227578
14764060
1403907
7643422
7349023
28081275
70467421
49991272
43658034
61856866
42802136
31618323
50103875
47221862
46325655
67244878
34427880
24661092
36923889
87904936
56388219
59512384
65203331
59378014
31243981
25640859
34133266
25583589
50309815
49021613
37676928
59663464
24980312
86879965
23997425
21914106
48538383
71358958
57480149
61149340
25194223
41189060
55514740
86240005
19267466
62907431
30552872
28068402
60692697
87727040
80105268
64352594
20965251
68209472
18953757
76772502
37236607
62224563
71419164
57888906
49845861
74732300
49158875
13220909
73758767
29393184
85974107
36695262
62636991
12942693
39539937
88834601
11344975
72109098
59069307
22567263
43705845
26266146
2212706
886687
66475734
714572
62650638
87469124
77850603
14078645
84170071
77436589
74240736
36110076
62149880
74967147
74588801
17350387
61855360
87208505
13934656
5286522
35361752
49621878
55508322
10099607
70508459
76925136
89867564
59630124
13613014
77894100
86999968
659514
83363217
78255313
67929887
74712981
11729202
65310638
4453035
70977839
53516826
44546127
12903609
83377085
17626725
81204491
70570822
84551590
58011735
12386255
44908065
35496516
38863529
15419188
81361734
63138890
66830514
49376077
3661147
22617089
70742490
4418562
27197484
24063384
13696497
18688976
48108853
26052819
54405793
72714181
45314810
6602839
9500472
83102039
21410170
5662779
23058426
3776428
50308346
61121555
77737707
63037616
21464960
4639063
15148495
9460609
83962358
55013969
87489432
78401278
36694475
20932879
46851835
12925737
10105740
54828199
18188493
41357647
57034575
53886558
75177954
5776816
1240734
18144961
70161304
13675863
51336231
1150116
15806042
62890728
50997527
37702979
24285866
8433254
87604926
67036151
32355290
59707559
14146104
69406711
19081045
55066692
18001546
70996952
23257414
12067351
81993404
13073463
1075244
4298169
4903855
8628493
7921454
36024528
55839189
1625620
52331042
21306444
87970822
16812917
78362455
30928208
9470222
67609554
73338268
38378027
71690447
51047988
34698916
21994268
37233946
89724479
82668405
45177601
66365171
28717204
74178550
83201953
8722399
78477158
11804784
53082871
59798855
57723959
9004019
10078746
6161888
74847267
22232582
85522075
41951431
20754051
76679521
70061184
82411267
37084321
42946858
52779279
40393346
11771042
40530750
13374142
46800359
25772905
30595835
88777218
18595237
64374918
56008715
84325674
69855097
29494145
84394121
67650321
19974278
69900967
50058581
7328429
82356657
35121617
79871973
74940167
13568731
14728025
70729669
43346368
36800190
41254180
12428908
9000597
505555
64957573
22779935
26030943
79268828
33025808
19349881
50979841
63005781
67949223
11848497
41366007
63540237
13099409
78452603
72371475
63065267
61489309
73770463
13453036
64027539
79841748
44121256
74571244
35509005
663826
45227244
73859935
36588906
75736730
23134235
71704727
19909525
15534731
16580014
42579529
69885015
53138720
62170260
68942870
70988605
14306684
81952344
50813101
59050420
71280508
27430550
30760247
38149016
14497996
19564363
1572289
36682464
61096882
62380041
33020256
59789634
50971535
63256390
78696153
52003793
50254458
29245324
68433857
2330051
15377706
22692471
83809894
59012890
3498363
19811755
504125
65896822
52086963
82186337
77800238
18111172
48991620
1604330
55474982
38689518
16907185
7201661
27941023
15855536
1398178
56964834
89585100
31471661
31387635
27508606
55653658
77172156
31817744
18035134
49469316
38756944
30062555
59608443
8729251
14512102
42242991
69983125
69145998
2029385
31858904
54911248
69509193
10209430
84718283
8028572
42019699
57616473
33702606
79968548
79088373
69757463
17619054
2040098
66369595
28791939
65028246
65031813
50615426
1762032
62745945
77540860
70715252
73738051
57095235
62864129
18674864
31358646
51815666
87812724
11221697
11248700
44124372
63314746
8821589
43910749
68590451
84529854
57622069
80945996
77228255
50125884
78482826
30984635
38786265
52228950
57317963
83733540
79553713
51733964
70839440
38927653
16414156
61906835
65574365
65786559
37107539
65740110
83582438
35877519
21062880
73131731
30323267
51048981
86247804
64342991
15028908
47526379
35561261
62812471
44644217
625323
17402218
15413697
68866462
75044169
82467180
11855245
39781466
43020474
54058247
40460894
49664045
558935
40432000
28309098
23636733
12914303
79801299
36286262
71473258
41625163
55887604
39318172
71878551
5822034
21772867
62984708
41691138
19642972
22070293
41407850
2040254
39389863
47465492
56529877
58711601
11915016
60374764
39166769
24518755
62008402
30306228
4020640
8846665
62484285
24207183
20569330
80219132
65162538
66678802
19567690
7988171
31764327
49091357
78239185
37255473
7261045
1508160
65034940
3901752
27361650
49321984
6843105
63701057
30224939
26954031
36649158
34631160
89961800
66535483
41389541
31541498
20879090
34939927
20983380
68074010
9756520
73513255
11338080
61576104
47112427
23515279
56085506
72806398
74968033
66423174
73823234
11331483
54715481
72288948
39955576
44288636
24393244
49496432
52695992
43821245
69088532
18383412
60175514
38501691
48663378
53388803
24497975
21926676
85650003
15110106
28673899
20394453
54052999
25881077
69452338
68863030
74521850
23463692
75360916
89770947
14742708
83082613
85246383
41596859
48525320
34765741
56564029
80663502
50254791
43561328
19074847
47058321
37541732
19367531
20776672
75292779
39476619
76120719
65525510
89237722
7022216
89464496
79344974
49897367
77605304
19146517
26285681
63276961
3755143
83555028
8152722
1773189
46590543
8389933
84140074
21724892
69442975
20613966
22586918
80151100
35152015
87655289
12002991
37080987
64959426
79884294
27204666
55520407
71180107
71466061
74094642
89556556
64633559
56455173
77463543
54491862
87896776
68891412
60566978
15770783
68718777
69602216
65134257
39468011
6825965
7562865
80457246
8189557
54356207
25614371
13523818
28399771
2964146
17029445
77595525
11662029
80373749
352168
34575324
1310921
57616433
11278057
51540276
7978410
44352530
71931393
17040694
71555730
10880830
1853447
69118675
27863187
35728251
24421866
23342608
19342289
58863732
36869491
19447405
84984750
44715666
30030337
78537219
9565471
84072212
16845298
39576238
14477477
48433781
82229724
50591692
8625444
5893444
34756415
47633181
68178297
15713670
52686922
29632611
46447872
84191022
2158437
7347994
56062064
36717941
58676868
28791685
68516044
58329168
77764382
82314410
68533836
82945018
86115514
39594240
78031197
51719233
75704485
77566061
88311825
62825758
29403115
73287163
65115634
2692271
48599660
59154417
89612862
67724627
73368933
63821141
80494227
89556539
46927989
21546311
11366056
41007696
47738448
63293995
47485420
43205250
41454201
57506744
54406150
29630062
27396319
18659567
37178858
85341440
10310069
66138460
21285560
46430862
40670221
68557929
60072074
36748674
68452023
39125490
44850646
1800313
45652178
79269060
64162860
65916758
25219949
27416347
1323740
89773262
5700689
48704855
30484988
61491325
43020096
35268144
41009880
860127
51421459
16618837
12983552
66901099
34275999
9468933
42944574
6618792
84157107
40319328
10424228
26417686
74920840
45729334
61934028
52124640
53090208
13135010
70766477
47423875
15207899
12194479
74120691
58508893
57223818
37060649
61066927
67576517
18425637
49976537
65249387
1159014
14899676
35634378
61699191
58742678
83818397
30360695
28208194
17596234
86077141
83129759
6547496
73310089
89881550
38914148
9865970
55094094
54521352
4540750
10536777
85635106
4152069
86928970
43554639
57529541
37436968
59219218
59243327
85252697
63636121
50195362
14918807
73196073
28436622
88000459
56655627
3254644
40044027
6996890
80226949
87664531
12741488
87702218
61263888
69328087
80749055
4657809
61403833
8168310
46484861
68213860
52210412
16123790
39538211
80777513
77900315
13432766
59995975
43136161
78884849
36897198
20891861
55576049
22319213
82250484
12330430
79262705
78294096
58249113
35178167
83522849
54149298
25601951
21575623
68060959
10521393
14645610
4099432
45252205
61748937
79203500
75126607
41724032
20197229
84449567
60798550
55170835
38778547
30338294
22999653
46029641
23833918
24914601
22403216
19994717
87749865
18312461
3125048
47167217
73953907
55784676
88168065
39325314
70428644
79609084
10885405
59453096
83720644
72140026
72606887
34939275
76303961
68036872
20681849
5319108
11574113
81122134
26987198
58843151
47238617
62666707
26543545
21281162
52601082
25477608
17075352
60804045
31160952
49338831
31872771
35460431
18957608
60348655
1090957
80891585
17633022
12909535
46816412
1409651
89067189
89561569
35818022
35859134
25343183
86000348
54062990
51750250
86420674
24633609
65115913
6394277
12061310
37179864
1242083
88944023
37636424
42846330
11381740
56705239
82643135
7022915
29885958
65445280
4739320
50084735
55934830
62939303
58785615
84221427
4008804
8486534
30846530
31573103
38387495
89794839
44773888
70310525
52441619
86556681
62810181
43768228
28461753
30479782
41036233
68949037
50163470
681206
49519037
83364598
11597696
76581452
60314745
8299003
88117659
64027534
10830064
51547457
24550749
20419647
70278660
14434073
24855457
85403223
32140061
26481899
67268938
72502272
20057419
7599021
38356798
81497994
19162159
74179247
43962189
43076573
24229739
3549984
74503527
81829303
69958341
55300081
20922450
14341550
7703318
61523651
7307708
77751040
48745709
7375846
1223787
29073388
49096279
44448289
12382793
75060740
65690824
49158469
66388255
32644159
57642980
15469159
60006861
66585895
36540388
40860420
7667981
69583790
41618194
16336554
68836903
5378356
53345571
3864946
36117467
15249930
72006410
52352142
53623741
74864891
6538940
19129104
81871502
89551890
9190137
21565742
43964079
18685510
29339482
80016271
6111046
68806133
50317198
74926715
77557894
27816376
41357386
12691754
64791195
45236764
49420435
61628122
84709011
18570809
37668775
89795850
68562718
39816537
24903736
28949561
4001367
54299618
15414835
17249304
87173328
46761812
12586050
26442642
57603813
78368029
22554406
5227325
613331
3092254
20804400
89149871
2852607
48428429
31857910
61471289
55724270
60675325
28355715
89777128
29572299
81214503
84814743
31371217
52891478
40294085
80428632
63276773
83434053
47991913
37690839
23582081
44452414
31410895
54521888
61878019
45567704
68266742
48448398
42139942
17470607
41037102
80950159
10203533
56404857
17271544
24318399
34261662
32819533
54604065
9856025
82293371
26451304
63106035
1150234
82323840
88303434
38767489
58248162
20330118
67541796
4470525
53889737
41224491
39850705
60725779
22717052
67345877
69089254
47032217
14882564
77971109
32521110
8467082
77117039
28810303
84008154
66448813
17099293
17960199
63157343
75281948
64537153
32777279
16367182
7662703
57123919
46179234
24380131
9431710
16120172
42210194
7361993
9649539
88557005
78525040
84836515
20204378
89961354
37845000
89113681
20649064
80974108
10528801
41790416
3891932
44351795
41550585
12329569
64163226
64019928
71736312
22324881
23511864
36165013
17218082
47980357
67052433
67782070
43862181
26709240
12345822
27604244
14694927
48505999
68989601
44228998
15857330
32187274
30079660
41091130
68034201
89357090
62288166
6562120
41674399
49075922
7476796
80244699
52218766
17560835
29556258
494943
31744514
79816958
61632440
82396589
45921224
43788910
2558789
85352357
3841028
86096134
15418915
4255804
33957146
43698985
71580284
9320421
68355709
62765181
56975998
22828515
27044156
59528810
12386891
16781979
78218081
18778355
39490043
10089729
85013312
28307359
84416992
5747342
59113869
11839050
314476
30397455
19414967
56254581
69760577
31161951
63031608
74244285
43345637
29117071
89577158
69694199
69604983
69278034
44034119
66510514
75211749
18976331
15391765
40273241
44352267
5181380
79754110
30799736
4921939
66032262
33432308
66138222
50429268
15238867
9633490
12820723
25193553
20851061
46096272
45580386
72873878
71321454
12945004
83867025
73640003
63437780
79514797
60181314
25720477
44338392
26710803
32131543
35402742
9494871
82289682
4738437
48917173
49826623
16403894
49938324
73065611
16915120
83177599
75509290
43255882
40615643
15035297
89402536
6482871
14645633
6750778
25680824
56238659
56944710
82565062
61707621
70976606
77937732
3475320
76041253
50185163
47905017
77919327
79181134
48082715
60260105
63347773
78834916
73932781
68556036
2988364
60335206
86458943
7514374
16253991
7862411
14081406
71366750
61898384
62795680
9640881
52510148
77632231
48560573
62187246
11812682
34026562
9359158
55836134
44248104
47048969
16365687
73472550
50845927
1337821
42813172
30439689
77941814
67748289
68167383
78377885
68156764
77102035
2417534
18972586
43624785
4738646
15170867
23857379
48155902
19868289
22732226
39856539
65985883
4121453
80658101
42120552
29754452
60381314
13363461
83764316
37813992
88664502
80356516
29136393
86264895
19556786
80127327
71863016
89431493
63871958
6847577
15444091
57261553
46817222
11681462
71520359
58654272
79420510
60961602
75787855
853143
48490946
47705071
50139544
9975667
54224235
72476436
18252796
50353312
8964402
31717220
32606020
33720527
80073268
79919500
59390929
34595872
38224672
31274460
78227949
16716211
30206658
35673822
29852083
2620594
8643652
6372290
87037825
26703695
33208525
4353613
7970598
72161901
53139264
7211710
89098852
65836435
82289569
1372085
4389291
63228385
38636481
24133401
77856008
33038193
12292965
1218172
77715679
29621498
82533928
78897179
63287744
75128314
13228837
50608800
79686124
68845235
36130281
8297748
72072642
47304158
35731018
49710684
22816428
30656710
81987170
71663298
21948026
9668174
19134194
11619036
64780497
62144846
61420313
15675040
32743568
56956871
15461971
21359511
38377906
49737646
24505490
61088991
49310349
54513705
66509098
12461760
32359241
29473022
45566214
5391946
39928975
69385896
31464792
9709363
23762066
77552482
68375167
88005761
58011913
7889404
52570358
42174992
12231453
48196002
33405689
33641341
54376021
53477387
84106708
68800169
24062772
80713351
66953543
45002430
65726899
27823313
62334052
74337641
18876865
9793851
45789657
60858317
59197219
56395855
4040346
2986122
34495115
24815349
43452179
48355392
86696528
66724568
50227359
34603121
47718281
79964766
367998
89680362
27849917
61404903
26595846
6660766
3029839
15247390
62467933
19242222
88946173
10166984
15182653
55900842
36063710
60006191
27974119
49059439
49983085
71211599
56761805
86226291
14120939
550401
74213104
1785085
74999096
2023995
60810170
42768556
12904271
2217997
25026748
78490818
31026100
83075752
26236598
35035417
77340687
74414011
73591968
80481476
27062475
74928510
79548918
36445305
88680032
88535802
52612250
65114762
48919881
46775533
53908496
78930254
74662309
28817143
43294531
14983808
6465229
51542417
67113058
77741507
2288974
8497610
6381466
5363267
15373137
73894563
20043828
28754406
65713779
30259173
31127541
12526396
38393697
78360085
34857458
30306440
58624197
8096121
25584412
55340955
36735487
4355847
5553684
53886300
70793925
16766086
71092518
64820303
14874224
73314736
26439545
26171968
73654430
59737560
9174790
36433722
13922561
46072508
13066201
18941334
52149464
84864679
26927725
11309041
45295817
60376489
86715000
75414139
74693745
79818583
49950777
33315855
58854826
53867942
39113118
76822110
17667437
7676520
53077516
17016350
28242329
68302614
60476563
70245148
82364012
33100149
36242755
62644611
83141783
5326105
85212809
28461309
11654880
28637500
3037230
35214449
3632267
26578215
29411364
30042501
62139931
3820100
46532840
35341999
1281139
30422648
79054676
77807427
23777152
78395499
15632988
53746974
14622531
83090357
17721742
42850397
25339759
20064047
66130554
73780061
22172315
1410954
68848439
23867167
72295285
47955961
6773069
2540505
73812839
67246829
86979887
65188559
84616563
85380100
36763557
34630019
89262168
86325578
53371542
44011947
31942052
80930722
15435351
41620128
35245616
32315469
21680904
45720185
52373376
15153295
16319132
42053358
25912019
7961330
10449696
29081077
34903610
42499884
75828753
16111861
86794069
22861323
44940403
63592829
42373062
13321551
34977066
67846968
14305787
58968853
50823934
51038557
70061839
7533859
43683983
88451134
14281618
76020585
49480883
52325922
32083704
53928182
18717340
40235728
42501916
13021655
34939313
65611355
30003642
37512726
13098236
1836424
45211947
72392422
72828008
63773405
48157689
65381741
66401367
9199146
71473421
55602320
86088235
83021791
14294819
58823717
47272147
10588858
88875927
48506541
20871685
5195811
4449733
37486897
3445181
89249128
32219201
58450881
58219591
37635580
42458949
32881397
14844203
24309696
82043706
86146788
33034854
24900675
43525615
61983942
7687929
82036128
21610704
5733957
42861816
31724139
84688719
62647726
39924103
37575085
26580629
65474288
8586931
24154582
36693022
32192558
57065586
66313959
21797464
69691048
80127440
79080481
8624934
29791168
54472280
31348749
57951311
63847601
68138744
70801806
48473040
81091665
4368995
80325779
67329912
45472003
44344031
41879804
21620088
448736
56815873
86301110
86266619
82085295
79148683
82545627
5867245
89943922
37534068
8845110
46517569
8543493
52542613
64423782
22505976
36320958
1031812
2686014
64381899
70770758
16062508
51580622
76195115
36586573
73333616
25901626
78153759
58525101
73472403
784654
2090741
61501079
65728663
41759325
81512237
11684811
32069067
46961600
31509168
78768348
41494261
79019144
61352744
67864319
36296999
75324159
87564349
23617340
58079892
16827927
76045612
72028035
50135185
41634671
68133639
16829644
15356374
9293867
57397990
70189386
82051210
28817628
49973018
73754034
20294936
15785407
22542017
29252002
44062868
60930631
41393506
48586612
13360453
45446487
53468356
12789143
81159831
27585803
4542965
19142356
22879073
8565354
6213891
50258116
36817638
42976641
77190530
53726650
51018983
29605135
66298150
38747386
68140982
49426564
25267321
18185695
70335949
38505278
61695376
24563859
87131700
38523383
86001480
54837230
68953583
71812839
52374391
79834400
71631716
87764425
27074296
2668729
46790813
25024508
39643133
48621165
4167941
83755477
63091948
23012172
88870868
2296613
80187953
81243429
42480571
49451684
89670322
4920944
63565739
86871681
61634353
66795724
5747126
2421508
57541974
86906603
23554025
4016196
37168019
45552171
86587846
57579454
66989507
23266065
18546706
32577781
28919802
11510327
6840948
63616461
49244073
29599539
68241621
89775521
69518535
18973693
83367294
51628715
39781826
42667508
79816704
25271593
79037855
77544342
45939955
66876520
24690169
73658559
26423735
17224057
22571382
53922687
38968348
42127220
57855420
58568597
74908102
78065386
22296953
61489991
6775046
15385760
30400527
83798845
14095424
88454995
2281797
86840474
42722444
76794257
41717642
84740428
67647809
75153230
73771202
58453384
12629957
24384749
54718323
16535229
31873102
36931508
39627253
85175436
72996841
65427717
21301831
34690806
16953546
80149479
78319312
47728820
80334698
19232071
53636170
17199712
71793244
73302713
77965944
54606391
37004392
86351170
39693925
27647577
45598821
39989660
1356483
73988603
42809577
38659582
38676345
15415086
15254993
31605418
73768891
4553803
19834450
58175427
21698029
5762637
88773654
43489695
31392448
80885631
88028184
55859617
86319713
30156114
30347421
57054721
23916913
66421186
67095256
66891622
36260840
62329699
52430320
41067628
61227885
86111950
73877894
72659124
35566573
88086134
21790657
2341261
69917597
71141501
50867778
10078627
51767980
18772829
38340329
51584522
51338599
63228575
62280240
43488870
42799977
18207977
60869465
83795784
50938662
80693010
55699917
85270460
64875524
8409052
76511078
11908933
31309940
55240399
12277071
86352785
32506912
74991726
55816219
38062825
59899329
42029753
54581022
82407312
85433381
47983531
7895583
84596021
48186058
84006324
7530365
13000939
72453594
39365727
41095676
6050070
40359040
67437483
70794517
79885059
63303101
40326291
81257359
72983947
11231441
22015560
85427731
66530580
54993530
42154963
67908623
31252379
63378929
79855448
33011335
67958922
54023567
30215583
8282860
40246244
79579310
75225185
54018804
6066330
85892220
86728511
73957432
67292565
57874932
25301392
8603412
71672728
61861269
7859291
2419374
55177949
62754415
80713168
56314419
11498693
61295095
47961262
51958723
18464501
65000460
56134183
56535920
15882160
2085672
10680291
57021656
72349052
50991893
83120430
24348482
79474339
62336149
77443980
6920719
24722990
56574109
1604348
23179376
71007057
79914808
57801739
56066829
88187860
7227103
63435144
88281247
62793680
47130307
76092987
17395846
42319507
74506027
5998561
28170429
73696404
18890666
56847708
76661664
87283009
13654845
76999708
74309912
89734623
57017342
31242972
85710707
46113390
70024644
39375586
83196412
23976529
80749038
48863415
56091683
17791699
24203513
60683475
56873464
73627882
80076264
59493243
86074470
2877025
72717633
48509980
15979602
60513288
1978837
22961012
83733935
34457028
65433631
10667409
43093433
6677883
83482078
4045151
44752841
86800280
16027827
79394883
21462242
73105143
3129965
17194214
59865960
75272602
27932355
65864330
30749658
33593713
67939592
25413736
80058399
56856157
35403786
35906651
51280523
30829469
20040349
29865745
46899239
13713225
27256005
44756772
13709028
26251271
62967075
79614928
48158906
3791788
46158250
45875107
42801307
6456376
7265481
784733
87914348
88885736
6614589
7912874
80101063
52958838
46722173
840526
79515152
58444117
73055518
41712853
472878
27356559
49389159
80352885
73683345
84249752
26762326
79479033
66289321
83651734
55003869
56003526
33801957
18925296
11066732
4956544
28482289
32094278
84853712
38621956
57207858
30955311
14413338
15442017
58054295
46662910
89717246
61927853
1812631
77325160
4797982
69580463
60418208
40930412
48085320
76925772
37828862
54128151
73125781
58087367
44162951
83599488
24085074
87319254
38919220
76696747
17333092
31131238
18666929
15727510
47330592
20288869
85643809
12331364
58200443
89652806
66864095
57605399
5170651
48997427
88840835
49385465
79753444
25183939
20188635
72941890
40840664
62942085
62925125
61350552
84239931
63536859
44784222
40317942
15348846
36616400
36345990
35121115
26526348
45552552
78926339
42470011
44973384
71147973
64538969
51760230
32352724
78182436
23312627
68391477
4817102
29456552
78726665
761512
38515610
46594094
14236510
4004061
10614308
27335892
52113415
18836381
74676942
56008335
69146385
24118317
77695093
28938125
49798123
68774886
21105233
85640519
62599996
84256351
65181321
68190928
67991535
74644762
51875219
48631058
3706716
52612765
84707550
50683830
51359713
22366566
48223813
48388237
74351663
85892898
66300959
89697637
36903195
14184770
22113921
71242328
21529354
52955342
73574279
75747333
26459980
26597155
23328816
6734813
68058751
25650247
57486790
15280216
59692168
62711174
8377145
25028640
46866007
50900887
19781573
34598240
34379320
80751682
83801942
1448199
78627226
48291656
55894123
17958435
88090236
45638367
42091762
89848499
66338561
66714607
53949719
34563494
31863730
11458988
4368855
55280109
23875568
59465623
86798688
42009388
63694552
80007983
22912211
78241150
5150934
23685861
81394004
12337539
54179257
12884138
7089075
74800255
22557376
35126463
75030318
48559476
57217451
1061041
77506718
10127997
52446671
23752659
13251319
57195421
7432332
69013301
86889842
4620225
45402906
17767678
35017300
67346202
5601383
56476164
34225065
6855641
61819409
18603869
58650642
59833720
9259948
87547674
25643412
62381453
37628410
11222738
56772998
84600790
21618229
31144115
45001800
19573584
43043384
75973207
89679394
85391572
7024683
20296892
87325269
11152465
6823864
57233891
73805970
83199358
75483405
77490038
77098719
78794434
81338846
47591204
38826979
23033523
20800017
67924552
28562090
65751233
28002368
40969969
68916321
14458071
89761751
29536425
61757020
89130516
1987024
82507220
54440124
29666945
74208805
67088578
10996243
81914858
55992825
66319198
69271684
89804101
58516186
51232507
28627355
24489472
7732161
58323365
35027647
18285071
26064079
68638654
15636220
17264773
20923588
15092815
6308909
47549485
73918327
76145314
14444975
41608926
37491290
72377745
31706738
13033353
39634612
5858122
38342194
61134482
16288104
11368007
5949793
62065464
8389067
31944439
84782416
47127293
75745470
48901844
46091836
5630231
12166684
32723884
3847959
43262348
60812047
44392766
53716963
37130332
79677568
70456944
45705815
51028284
80955575
10753319
41987126
12334812
17788472
87390052
71596414
52179929
7229479
16798753
73955083
38859592
14941037
54406197
26749978
6070904
29062538
30437117
68417672
63622239
39557873
62919174
25450585
3351712
19503182
86171988
40551029
28060882
81794636
78657781
43406904
23009067
46757611
63212498
83130823
16575575
79451640
41937203
31025616
6007394
17408384
29319195
71534295
75385076
69473017
41759686
50970463
79605838
55027861
29519758
23190010
34192990
78678921
62467022
4663706
78291073
77515481
49743362
71312632
15746656
65810141
67236360
44159966
23197068
36549766
5977844
29825908
7968400
33991367
54731242
1401000
67546672
68439037
20197353
28932145
10101563
69933550
50884116
74772164
22870391
57085451
57337080
86478670
44440608
69067300
27097660
68141762
42043435
13644354
42531029
11617132
32932735
1262905
42853726
18866317
81198902
53184254
29617976
78674664
45244674
52400420
39191344
26214522
11304275
29465814
58264070
10448990
50983983
14805760
13432427
77049312
64108327
12692959
58169075
70682296
36191345
69433328
42993839
34490895
70987963
13214285
32632736
83346457
27313996
24458123
23433018
45587334
13089407
73897906
17706905
56598579
23623737
13405412
2385506
84401264
53263519
81978817
47311160
11615697
36796984
67319600
73252323
12576901
85149725
40877396
12266373
22919434
54318565
2163891
17697499
12209579
81508486
43018543
31747504
47477785
35281654
52659042
27429010
65183590
58813971
88748756
47191279
16325997
37674178
68414700
84815930
65687031
30628784
48731324
10173583
5963369
18040440
81408584
63324701
51284902
17223962
57061245
46235388
50760927
74774532
63995999
76650667
56076757
54973547
4547506
84209428
29624620
361883
32188225
4582785
22630147
66106079
33734089
87924251
47026800
71437733
63335825
38204285
80223593
72584935
49374733
53890522
88718442
62694573
2629829
57548716
51691616
7452670
4208864
59063786
81631983
37423648
28986922
83230193
31300150
35722766
56705940
41559555
58556351
36186905
48224400
89391465
67090560
48144348
27355124
38925457
52728829
43091053
5069562
26774536
5607492
22555789
63158245
808002
72837356
66623844
84410268
17528181
1104552
79142763
2740072
66099575
18286074
82771985
79282106
84826064
25587965
85386036
47652187
56189810
56603376
33193271
39556205
58614097
89115742
59718832
77978875
62554369
36344917
88316346
71267097
28209828
39665814
42095543
86643908
13496308
30126805
71982059
51751871
348876
58553697
17871635
41482561
37709398
16800767
42306530
84806809
73179459
88201108
54165398
63618395
18475687
85450546
22502556
66638679
55531464
32254080
40638201
18982164
88486599
37142592
14692058
37321558
20668413
69771541
32818212
66012981
31813649
17674763
74003190
64985561
18043168
63769947
71468341
51736230
62397129
23453093
26686941
13243401
50540258
32338417
68527559
50601708
49720729
27280706
81119055
14496016
2644231
5703721
81023505
82518357
78601197
11787785
31946998
42869583
59152073
46155486
53804412
31782810
59938627
38947273
8878230
74538806
12683126
49591771
39459147
58270444
18532343
78848149
28437873
14169828
30780835
39175421
22477019
42106373
82315264
41341290
89322997
33826782
67447850
27547243
10988066
64333041
28412124
36965495
33997185
23156236
47324200
45340528
60780931
65231924
39465123
27216448
38721430
48410108
50932035
73855120
62795691
17452030
71364923
34771119
5016265
38375876
5380769
68883669
42623371
5023717
49987133
28505045
18477663
4610481
53055211
44114997
65605664
79209441
13455957
65570574
81217119
62033001
78911210
55751179
51626992
70063325
2400847
29300075
37311440
71483369
6659696
23084973
67051790
25806881
64310978
67744187
20417978
20429643
30399381
70230926
36856342
73946089
620278
20028484
58833210
78340043
27925536
4736236
73940253
69043424
8630140
82958586
14162008
66839151
76727907
19135347
45398247
16877249
20881187
70763643
68962344
79221194
65675090
7196146
26232812
18680978
10873130
70072276
33237756
78906055
37893608
83792276
43003627
30976146
2472712
62005207
75984943
77963124
15996293
24472783
83185931
8650758
85450868
18214010
51424387
25964174
24624810
24237187
13225705
47923798
56315250
53563720
57031616
54953409
60842015
88638832
86488277
56281675
7022264
42830675
83585397
20445827
56479091
61959784
72579439
87325757
10270562
59714161
41579868
58576473
83269756
84016746
82860516
48853016
23178182
68738340
60185942
44743717
74256514
29502242
18412560
76600275
87664633
20035730
28752448
81056777
9734129
55222369
76158453
80030632
54575310
44471634
1361135
2990772
55829341
15538662
7134224
25397354
64198054
35663661
85676042
77295337
70358591
70380780
58681194
35963312
85360520
13808833
13723411
20300942
17744260
3450178