86528900
63581203
69965440
82543910
69782022
69703969
91191737
94587245
74934186
50696092
79473608
55021633
86706440
54167756
96370719
52388137
93023516
53685248
99557727
75726620
73249264
83440937
53842274
51557896
93304845
85200488
84227609
79383445
56474763
68969984
98010342
61651443
80772499
61197363
64488314
57293648
99885880
85988929
57045126
58836963
85943084
55619049
70797486
81706845
96982100
97424253
91398506
82509412
87850188
89330848
98106289
81364615
72713859
99555779
57101707
71067126
72094175
90713017
68811602
52578796
70676101
86693193
61346273
77488554
96843895
97884616
80386533
98885252
60802335
86249741
78445631
59088279
72648802
50102295
64351335
52782836
86322448
94528931
60246537
54772469
83986216
89575025
60812824
87177371
57027983
61389790
62263868
99133729
97530947
85312258
63674855
73471255
80325641
99728418
99828287
65927746
87309208
95563355
76859164
71009209
67575029
71051106
50033946
67625499
96880769
51038680
64969337
94372598
91865424
93226485
77750914
79516811
93565181
82481232
71492701
76952948
78741238
52601068
66673772
84222194
64072231
82519179
97488111
50211072
97818174
98174944
94421699
68944660
84027003
91165341
99300788
65927656
97424437
70611936
74717817
81907554
57565934
63058415
63028745
62120701
69887513
64878721
78727923
84282503
66272030
50763744
67216576
66348859
81120170
59057014
99610881
99424398
96293548
58397547
61491707
91433106
84360875
58525579
55668004
85075553
55236781
64785855
70836510
61325595
75762830
80373378
51808951
85817103
57876455
60491293
99014170
95173301
77544415
90584583
77049403
88538979
62706434
99328610
52385230
78949348
85036108
61454853
51037429
54436910
62005461
80530184
82591006
74366732
77448064
83727256
64813033
73045288
66676924
62804104
89958389
93499014
81154179
77514992
89098856
73228633
50351269
68560111
82915763
79436133
86608735
94758947
57790224
77120095
50803227
51520126
53955520
76150465
55540973
83240053
94665729
57989399
64483411
54011752
82040216
84076354
84130705
95359145
80095778
77923439
62572444
92994604
85284123
54973407
98126564
53387560
70941732
86454904
77750129
77790908
98390110
76987604
83111260
52006420
67257168
81585125
64831410
72702771
68358053
73195367
94542298
59910022
74695991
83031691
71752434
88816438
53337572
99845397
64507543
83408641
94244874
91451548
52836445
50531597
76716725
90213875
81238498
70784738
97757921
61414086
96307575
56827584
86822839
74069376
70802191
90453280
96204184
50432001
68205500
57625099
60861625
96289011
54886434
56019077
51086582
88484539
91152963
51704929
68604983
97815568
69451007
94938392
67402651
75308347
89911652
75547103
57963946
65409393
78263706
54477676
56691119
79693771
59295792
87025247
83468579
58229542
58799083
65112122
73616008
55554772
54229894
51933646
86268179
53820779
73929549
81572881
69487431
85218036
61171862
53393059
80310309
67695912
78678231
91094424
76466883
68442957
54749535
54303685
93509955
53835354
71889969
62402179
80179271
84153782
54505830
96309335
83824854
84868915
65668327
52495352
91421765
78415832
56078741
81252444
98132520
76922884
63825917
85600011
87683220
71758304
96019472
53277989
60237687
68870535
65657415
75861264
52245068
60519435
99213862
63469119
95787499
81340795
78773004
74644771
67613238
90601324
86041645
78478826
55926536
52124099
52780577
78273778
83386609
52948402
64092684
94013075
75492358
59631717
87648686
58187333
90296131
58562057
75701029
87303807
77791337
55130963
92009168
85074486
75543496
80200627
89445458
64689835
99656890
96666293
68186555
53160945
69123126
79708715
84579445
51913166
89158037
96853692
51326887
96092103
93874686
67641646
94254524
82387010
60527377
79829700
83214168
68181664
58939312
70010690
84823544
82248576
91937298
63873468
91214818
91681246
52850024
94514030
96622979
87400606
81024453
56243829
77272935
85378755
53963266
86034328
76915473
93181689
89326772
62457465
50456654
52190757
65054948
92508463
55565131
94619009
61251706
88011266
51288161
86926630
76052215
60381977
96340205
78344473
54485273
90004018
76975678
74888198
59810214
76210900
79779199
56622737
59557655
86034414
82121824
86392023
58745448
96248154
78127423
83431768
76457602
82960346
54473967
79019938
93183734
71531151
80868099
77861609
89325733
78159651
84650007
82990832
65700241
85661763
74687875
71106271
53131811
98482519
81943704
62270545
66951406
54694248
62720610
62681385
55954095
65524746
51805954
79115429
90078836
93225691
83307311
85102583
89685729
82914766
98511967
99909653
72200830
77295212
87863423
86456281
51992036
89924958
79850169
62782204
62744364
54950856
63748368
56229174
77959339
76704349
64323558
86392288
88058947
60413068
87354102
78934067
97035109
88833911
63324910
97932841
51054127
59550684
59399591
70616627
65107440
80776047
56524632
56917411
86447512
78010805
68679565
76122251
63206290
65903274
97296192
98299109
77866326
82586055
63024254
67948166
62964739
95699008
83428047
62652919
62584755
98203034
97246058
88846622
63132909
74971329
78453290
53407087
78218101
85137376
62953245
52142778
73274473
71883417
62949151
63060661
61375448
66691598
61017447
78110970
80692525
63599491
80818250
93676909
54951632
67480280
75654466
86233752
75453576
57355426
76812911
62708405
93560380
54858413
53341822
57140312
72730673
81084853
64867405
77927268
54454729
56734693
51885818
72531152
87589661
79476539
77851359
77070958
53566805
84918398
59766650
73746940
77368308
73083978
57247276
93589772
82961017
73712291
67756420
73926628
93184457
62848473
63221774
91634385
62156295
53595688
74270223
78879485
97089891
87620054
92669318
64323091
70888679
56071558
54130223
62762570
87401475
56485019
58184618
66444140
63562935
55359758
80164788
83623669
77164766
87459309
53032300
70038510
67510914
59654990
77280844
83012824
78757776
50453394
68283364
71390911
79794349
73391947
53899003
54205022
76489581
79509026
97806570
88568942
64925481
78111879
60824870
93983209
50002121
78093948
77857277
69345811
85279518
72891906
99312696
99482219
57318500
62593385
74163223
96835500
83587227
56902500
74266991
87233820
74407114
89263130
84621186
63137254
66705106
63705896
78972878
69508296
95420354
57432380
90597178
87901099
82754645
87589862
54371284
67686716
91676791
97274948
73730417
66720214
61054016
90495861
98291072
97453616
92245539
84753982
78395825
94576995
56031882
62319366
63543207
70098479
62404684
93286601
68139119
79299423
74670000
59653646
88723548
55477867
52341086
94570830
50835302
95518742
95850081
91415697
98841857
96879106
92642617
54785343
79803395
64844641
77680703
86799501
68501911
68731198
76630304
51868048
98604721
50421485
93302524
61237571
77247111
69127680
76170037
61542808
80316993
52153623
95615413
74852386
87725063
70535041
86944627
87301202
94583225
79406215
87286215
85413915
68947383
75766570
62336373
78629274
62628227
57302700
51587477
56459594
84888732
86624791
93274787
95111519
79297650
87823876
98012230
84076962
85164463
69352659
97132390
85043398
57136656
78887853
88084740
81727375
77805008
95623533
63623928
62705259
81869604
62448360
60902708
92368312
96961990
87345951
95588889
99860160
88508813
60639638
79137610
95465348
90990286
94728719
60937526
74370930
70891548
91673208
72477536
57803703
54786202
70802636
90935513
95526924
71717510
83756113
82402723
60914764
59031426
98124613
89423389
52005478
75773406
91122932
95176756
90222477
57118897
72689434
96819025
69560773
73702116
95029581
52674647
82817378
53234217
90572306
86187767
92296657
76426631
89989952
77659337
85238863
74633175
75816039
84173860
86913387
75825199
63099106
58424817
99219692
72252735
96154208
83062750
72498657
75445020
64345553
65120439
79016422
97551318
59515502
54193033
50578512
51450039
79467719
60425590
77330837
82227690
80026985
57172343
85293602
56063448
87392671
84344727
54080768
91607695
90411577
94296902
69510835
56493309
56720309
77441191
91421172
54777276
70794538
84460291
89502467
53850185
97630499
50841356
96175522
90488645
84500818
97145463
56516090
55137967
99144466
82588141
52315402
53858949
70941213
99447747
69372457
87672737
51734814
88057166
84958087
62002711
50085208
82155592
84460490
50987900
58343341
99209935
61420621
69923659
88281296
83993730
79895835
86857329
90077322
76503024
98513037
95519336
88808823
62075024
58554616
74652641
55974607
76189223
97265948
74960870
52763939
70559906
99126569
66014056
82248963
86160068
94041144
93378375
63780916
98728494
79456518
97493724
86816185
71203621
98657606
87367629
90771163
84362030
88625112
64748690
61699918
58321838
70309835
59898493
53580441
91126399
96794093
64797914
57979291
85981260
75231010
86735766
51126439
60562697
51293154
89861197
51592469
95008786
69360424
67754181
81130253
84254541
63839265
92468188
66742179
97765278
87260338
62566113
80551816
99020801
60052272
60323746
87977236
62417125
90010709
65211570
85706816
68750305
57663175
78987210
84377276
91596879
72135032
71658641
88910126
72860722
99040245
92758796
74888552
60554132
85527908
58586957
68532046
91103927
60368615
78760164
61035062
95635003
98757487
98075980
92832818
54870359
69872912
91061632
85945515
85752194
96137047
73072407
64781924
71251291
80987220
72073668
85206428
64526181
53007423
95300710
79039489
81061514
75816304
63473957
97177440
69559940
83492668
77166607
87763676
60813130
85503471
57830299
77364150
94445096
64746902
74783671
73942006
84561600
59498450
68887851
72415243
50566349
61577683
85024974
67538600
93211784
87263561
51039361
69018166
58573031
70506393
83185095
93307755
89812762
97949902
94789814
84226651
82589208
55262920
86441602
50555751
59045563
51473448
87845814
59869764
59310601
50631813
98568227
51743511
51227777
57137706
87758873
68232261
60462806
79523157
93000603
86580727
84092672
70650039
75782966
58079856
95815396
83466118
90957946
77144236
78530280
64699630
89421678
71812497
85617569
93521339
66533569
74868519
56303344
62641114
68077187
52267773
78091452
95117088
74732733
80735320
53221124
91140377
72128854
74434653
97673812
54447103
93147867
54897705
65784472
55181608
89793388
96468790
98912166
55538168
86477327
56267584
99423393
97233927
61298514
66230230
70222196
94240732
53076929
56697871
53929661
88722587
80082442
56690217
62889870
79273091
71357034
50122153
64104824
58416124
89410383
82897441
82772957
88655067
97257387
83415226
52735825
90129796
61372182
91619820
55739006
78235134
66772382
74043764
98668410
98380461
75169677
55536384
91732161
63349580
90067159
59742319
63090072
54685040
70059274
54044495
60592499
59596756
84957794
73398914
72340363
57088606
92033774
99354708
96945096
77159570
57343079
70228052
60687936
85877886
53615583
82764398
69004416
54592776
81491817
85147713
84883418
91141113
64889768
55187984
79389843
83094722
85499601
68849023
95409713
86394308
53736282
92790594
83435452
98481982
56428757
67518979
56795469
65575959
83078781
75091397
86276869
92839015
92231643
67170084
71143815
99298319
78669419
50346811
93366804
71217621
84119088
90956391
72716558
98646954
55949331
79557462
93085434
72753579
53109726
75585442
59334756
78415866
55806465
63783552
97768218
69228275
79184104
66647452
85966089
63802959
54148890
50592142
94412164
96309332
70114924
91009854
79640969
96953482
58645800
85860968
67020895
84940535
70442616
52670749
96564795
83808899
78354374
60638985
75736415
98173614
72436465
68604019
60776046
66037569
53739526
70258076
86133121
94648207
70952273
85160190
91528466
69320523
92659672
59525668
85001052
82788233
85517279
56831556
98698092
88587102
75099517
57737333
63392261
60592342
69831987
91730463
86563838
97213918
82577809
60548960
89516305
61009479
95813151
94942557
68814750
85425763
79583079
72402024
69161098
50385818
53382322
73994977
95676677
97668526
94419603
69685370
91426191
61796118
95952815
95959519
98489380
76985254
73225613
99879533
98303959
54692910
65177769
61383346
77440900
65546533
80203642
73643065
64677806
61441378
83068410
50176404
84309645
76238226
81385137
89801975
61699232
61716317
88680551
90064406
89552137
78553083
79404922
72103239
78201076
63274114
53135244
69789100
96173779
60697106
73912248
81411635
67885944
76707981
58115502
97045259
85368431
89673161
94740838
53929531
70387760
68968851
73646709
63185667
87954793
98180754
84843479
90161485
59074123
83377464
58739701
89282820
63806559
81041147
97291386
56565704
64645153
94157259
84987998
56165547
63026600
77038878
58237261
63347315
64493044
96917741
98436501
92995244
59579901
84251894
62628957
75870134
65498643
79684621
84849399
86180391
86200339
73475957
86780573
80846027
56460154
97197948
92659425
88523728
88018331
93203804
55200595
53157831
78281527
67347546
54495421
54528572
84107956
62163894
57194060
93231317
69967773
59406100
95891124
61093113
95705809
64498623
77595605
75016927
76710226
88599404
88957225
91923329
64289652
64347517
73450996
58498284
53341117
66890241
71489785
81600713
83879291
69472147
78955144
74822125
72883702
68389652
57995808
55886123
75166339
65605420
74329081
97689441
83614382
84710253
94631075
73961994
54881226
72688753
54318745
65234106
69026838
85330568
75681712
71222037
98634009
90484887
62541154
90035781
55140200
72107244
62143088
92372646
72507143
78172850
81057301
52797486
65040935
98946855
61002043
52142938
64318252
81505245
77952264
94942254
54813326
51123843
98404856
61774266
98003280
51829995
93218416
81491591
96798887
92333190
68650200
56125490
75850098
99826312
87185780
55412044
81786744
78282346
63301756
64158338
65159598
87695872
74674167
87784228
84528951
96254025
65901397
72387794
81350181
55237551
63817281
80402648
70658579
96693866
97408976
62375642
65174075
86097524
52141778
53516358
97115978
68722108
63722959
73322355
81874664
60407628
76644872
78685294
86282525
62843190
80629754
55852596
88628535
60704273
57305469
85593510
53623002
88635451
97351049
68960613
74490581
87736742
79835626
93795143
71075655
81820010
74240546
53755970
89598544
99787895
50124811
94587170
62332479
99208608
81497596
72315082
90909003
54738561
59487861
74976881
70227463
66828998
65819169
69208205
55486820
72743288
98655534
69729779
56366445
50694564
74807569
99197388
63464234
97714323
89784381
99815102
88531581
94229735
88339009
71012647
79036544
87570756
52570511
80553234
56524751
88273247
77193397
72885692
95342558
66543950
75440143
87675473
51463384
93055635
77668577
79202119
93357645
57763735
60496766
86510125
76110579
85996552
85179964
69134938
88713206
73812917
82492725
77656972
67161679
92595951
52971295
57703059
68858933
66189613
89994422
92211607
68451030
96654163
54514936
85374511
87342596
77597983
66770057
66046477
66806894
75514786
68491596
73522086
58455149
57677520
81234530
80437422
65798889
87834670
91604362
98923275
71599945
93362282
58272317
94040955
82104711
72113095
84190756
80883395
97401556
97529511
71160094
73150113
60042690
84734698
52715146
95690423
61884502
83531823
57863915
74606985
51007319
95507091
53999351
53135482
87396382
76717923
63107926
77866511
99313634
78442312
63616949
99162659
66861611
53110919
90986172
85967290
66581535
80353370
70202325
91756126
69882190
74981182
64520628
52739195
71623253
85619503
58699491
50623684
55896578
58630494
69809509
75904633
52473038
68995491
70483567
62338078
53150400
64870259
62154519
86323305
70087057
56253435
91561189
84382687
76659429
68294763
70362296
88241844
84885320
55595758
60613437
77614466
61700326
91392282
77092251
68816070
87887184
53998706
62218313
78385638
79199726
81741723
55865188
95645240
50341387
94579457
66808483
56032943
86979377
57187553
61399143
86355166
99382042
97984961
84371238
86481435
59144350
54320558
81895882
76193001
65401628
76516962
59814917
81526142
76455744
98066278
51795968
92862515
60011854
95631780
84510888
93208026
58628078
93980312
71323539
77751970
93495331
70924034
53528044
50692475
96626591
62638135
77054831
92396785
86899994
98505005
50906643
75819253
80378607
67804316
90472885
86574809
82222091
73040155
56890935
88862072
71760543
79396282
50015915
72924835
62151857
89113608
72744883
78680858
56546934
57159406
88781061
87444837
74322926
83202523
59469675
97827591
81877109
67218302
85006177
73310874
78316477
71245351
67980643
86248464
68373129
97075805
93368383
81630283
71957974
84368667
90854632
55130972
91950446
55457411
68415194
71217819
84202101
74374775
78594469
68607885
86035043
78311728
91396596
86525968
94952398
79248422
57752203
74967019
69508813
72145337
67389941
51371470
56419611
88513548
84422099
66717506
90664033
53294427
84934415
58800346
94301702
92564765
62803934
52569380
83852914
58658813
52902497
68092485
69780004
56658302
55421646
72158114
97803482
96180338
91883432
61607036
52690386
69842049
80145797
73535671
92208814
52517387
84742634
67804504
71539743
69472935
98637444
52566193
63608891
79881034
84919071
60949708
95406178
87054685
92365044
88902257
92867433
92617842
88927397
76910815
51839083
58424208
78668954
88346746
76993711
93345522
58403650
71218177
68613708
63807387
58934584
72612603
58480110
78045501
77055312
81463969
90928142
56212017
54281435
93497235
57432494
83205572
93772982
71143993
73241707
82837004
58398112
57690057
74042318
57795404
62202938
88242972
55773839
71499375
94385833
54123843
97034494
71986907
56064517
54402384
61343139
58506380
64276003
92637702
51294448
67405448
93742316
95826557
81229206
62919369
73670107
88582124
82376643
84775992
56563597
78724345
99778275
86308612
61885229
70223634
93251475
96702178
87010209
94498075
69548669
58250705
65080303
59640974
52101757
87514176
65293907
82944235
93619736
83672212
77128088
58128036
78959759
91308194
86817158
53093511
87206514
77210139
87203695
94597229
68902575
67115057
96867655
87735826
84960708
82846494
77873038
50819651
99671985
52503568
54138605
92674223
70756905
75309108
53415745
74241630
92424871
57563229
78957346
79199054
81446368
61811641
86219629
56417928
90645790
71852006
88752250
67152383
86084163
91511887
77952056
86383329
90980183
98259600
54732156
95161101
86153371
67131655
65298463
70986867
89526839
56347802
71421778
89785492
87285347
85982112
87279704
73691608
90585920
61184502
65668482
57192142
87592926
66237704
58027832
71023214
75155056
93204620
55323272
82196673
58544001
58129124
67626504
89346890
59258851
50530420
93380685
88777913
92413365
98864963